K = [[array([[ 70.71067812,  30.34047165,  -0.70710678,   5.42141256,
          -10.84946636,  -1.0251626 ],
         [-70.71067812, -30.34047165,  -0.70710678,  -5.42141256,
          -10.84946636,  -1.0251626 ]]),
  array([[ 60.69769787,  28.90259946,  -0.60697698,   5.2811856 ,
          -10.83973177,  -1.2033681 ],
         [-60.69769787, -28.90259946,  -0.60697698,  -5.2811856 ,
          -10.83973177,  -1.2033681 ]]),
  array([[ 56.97029081,  28.32326581,  -0.56970291,   5.22449914,
          -10.82977875,  -1.25375571],
         [-56.97029081, -28.32326581,  -0.56970291,  -5.22449914,
          -10.82977875,  -1.25375571]]),
  array([[ 55.01196042,  28.00897353,  -0.5501196 ,   5.19366697,
          -10.82353574,  -1.27757571],
         [-55.01196042, -28.00897353,  -0.5501196 ,  -5.19366697,
          -10.82353574,  -1.27757571]]),
  array([[ 53.80275868,  27.81144015,  -0.53802759,   5.17425527,
          -10.81937047,  -1.29145144],
         [-53.80275868, -27.81144015,  -0.53802759,  -5.17425527,
          -10.81937047,  -1.29145144]]),
  array([[ 52.98129428,  27.67572115,  -0.52981294,   5.16090178,
          -10.81641411,  -1.30053256],
         [-52.98129428, -27.67572115,  -0.52981294,  -5.16090178,
          -10.81641411,  -1.30053256]]),
  array([[ 52.38664813,  27.57670071,  -0.52386648,   5.15115029,
          -10.81421271,  -1.30693718],
         [-52.38664813, -27.57670071,  -0.52386648,  -5.15115029,
          -10.81421271,  -1.30693718]]),
  array([[ 51.93619567,  27.50125579,  -0.51936196,   5.14371536,
          -10.81251182,  -1.3116962 ],
         [-51.93619567, -27.50125579,  -0.51936196,  -5.14371536,
          -10.81251182,  -1.3116962 ]]),
  array([[ 51.58312431,  27.44185746,  -0.51583124,   5.13785857,
          -10.81115901,  -1.31537146],
         [-51.58312431, -27.44185746,  -0.51583124,  -5.13785857,
          -10.81115901,  -1.31537146]]),
  array([[ 51.2989176 ,  27.39387577,  -0.51298918,   5.13312537,
          -10.81005775,  -1.31829522],
         [-51.2989176 , -27.39387577,  -0.51298918,  -5.13312537,
          -10.81005775,  -1.31829522]]),
  array([[ 51.06520834,  27.3543064 ,  -0.51065208,   5.12922059,
          -10.80914403,  -1.32067654],
         [-51.06520834, -27.3543064 ,  -0.51065208,  -5.12922059,
          -10.80914403,  -1.32067654]]),
  array([[ 50.86963041,  27.32111453,  -0.5086963 ,   5.12594413,
          -10.80837382,  -1.32265353],
         [-50.86963041, -27.32111453,  -0.5086963 ,  -5.12594413,
          -10.80837382,  -1.32265353]]),
  array([[ 50.70355217,  27.29287284,  -0.50703552,   5.12315559,
          -10.80771584,  -1.32432109],
         [-50.70355217, -27.29287284,  -0.50703552,  -5.12315559,
          -10.80771584,  -1.32432109]]),
  array([[ 50.5607652 ,  27.26855047,  -0.50560765,   5.12075349,
          -10.80714725,  -1.32574658],
         [-50.5607652 , -27.26855047,  -0.50560765,  -5.12075349,
          -10.80714725,  -1.32574658]]),
  array([[ 50.43668951,  27.24738429,  -0.5043669 ,   5.11866268,
          -10.80665104,  -1.32697914],
         [-50.43668951, -27.24738429,  -0.5043669 ,  -5.11866268,
          -10.80665104,  -1.32697914]]),
  array([[ 50.32787237,  27.22879725,  -0.50327872,   5.11682633,
          -10.80621421,  -1.32805544],
         [-50.32787237, -27.22879725,  -0.50327872,  -5.11682633,
          -10.80621421,  -1.32805544]]),
  array([[ 50.23166147,  27.21234492,  -0.50231661,   5.11520062,
          -10.80582672,  -1.32900343],
         [-50.23166147, -27.21234492,  -0.50231661,  -5.11520062,
          -10.80582672,  -1.32900343]]),
  array([[ 50.14598571,  27.19767945,  -0.50145986,   5.11375129,
          -10.80548067,  -1.32984475],
         [-50.14598571, -27.19767945,  -0.50145986,  -5.11375129,
          -10.80548067,  -1.32984475]]),
  array([[ 50.06920419,  27.18452469,  -0.50069204,   5.11245109,
          -10.80516975,  -1.33059646],
         [-50.06920419, -27.18452469,  -0.50069204,  -5.11245109,
          -10.80516975,  -1.33059646]]),
  array([[ 50.        ,  27.17265861,  -0.5       ,   5.11127813,
          -10.80488888,  -1.33127213],
         [-50.        , -27.17265861,  -0.5       ,  -5.11127813,
          -10.80488888,  -1.33127213]])

Q = array([[1.e+03, 0.e+00, 0.e+00, 0.e+00, 0.e+00, 0.e+00],
         [0.e+00, 1.e-01, 0.e+00, 0.e+00, 0.e+00, 0.e+00],
         [0.e+00, 0.e+00, 1.e-01, 0.e+00, 0.e+00, 0.e+00],
         [0.e+00, 0.e+00, 0.e+00, 1.e-01, 0.e+00, 0.e+00],
         [0.e+00, 0.e+00, 0.e+00, 0.e+00, 1.e-01, 0.e+00],
         [0.e+00, 0.e+00, 0.e+00, 0.e+00, 0.e+00, 1.e-01]]),
  array([[1.47368421e+03, 0.00000000e+00, 0.00000000e+00, 0.00000000e+00,
          0.00000000e+00, 0.00000000e+00],
         [0.00000000e+00, 2.64105263e+01, 0.00000000e+00, 0.00000000e+00,
          0.00000000e+00, 0.00000000e+00],
         [0.00000000e+00, 0.00000000e+00, 1.47368421e-01, 0.00000000e+00,
          0.00000000e+00, 0.00000000e+00],
         [0.00000000e+00, 0.00000000e+00, 0.00000000e+00, 1.47368421e-01,
          0.00000000e+00, 0.00000000e+00],
         [0.00000000e+00, 0.00000000e+00, 0.00000000e+00, 0.00000000e+00,
          1.47368421e-01, 0.00000000e+00],
         [0.00000000e+00, 0.00000000e+00, 0.00000000e+00, 0.00000000e+00,
          0.00000000e+00, 3.57894737e-01]]),
  array([[1.94736842e+03, 0.00000000e+00, 0.00000000e+00, 0.00000000e+00,
          0.00000000e+00, 0.00000000e+00],
         [0.00000000e+00, 5.27210526e+01, 0.00000000e+00, 0.00000000e+00,
          0.00000000e+00, 0.00000000e+00],
         [0.00000000e+00, 0.00000000e+00, 1.94736842e-01, 0.00000000e+00,
          0.00000000e+00, 0.00000000e+00],
         [0.00000000e+00, 0.00000000e+00, 0.00000000e+00, 1.94736842e-01,
          0.00000000e+00, 0.00000000e+00],
         [0.00000000e+00, 0.00000000e+00, 0.00000000e+00, 0.00000000e+00,
          1.94736842e-01, 0.00000000e+00],
         [0.00000000e+00, 0.00000000e+00, 0.00000000e+00, 0.00000000e+00,
          0.00000000e+00, 6.15789474e-01]]),
  array([[2.42105263e+03, 0.00000000e+00, 0.00000000e+00, 0.00000000e+00,
          0.00000000e+00, 0.00000000e+00],
         [0.00000000e+00, 7.90315789e+01, 0.00000000e+00, 0.00000000e+00,
          0.00000000e+00, 0.00000000e+00],
         [0.00000000e+00, 0.00000000e+00, 2.42105263e-01, 0.00000000e+00,
          0.00000000e+00, 0.00000000e+00],
         [0.00000000e+00, 0.00000000e+00, 0.00000000e+00, 2.42105263e-01,
          0.00000000e+00, 0.00000000e+00],
         [0.00000000e+00, 0.00000000e+00, 0.00000000e+00, 0.00000000e+00,
          2.42105263e-01, 0.00000000e+00],
         [0.00000000e+00, 0.00000000e+00, 0.00000000e+00, 0.00000000e+00,
          0.00000000e+00, 8.73684211e-01]]),
  array([[2.89473684e+03, 0.00000000e+00, 0.00000000e+00, 0.00000000e+00,
          0.00000000e+00, 0.00000000e+00],
         [0.00000000e+00, 1.05342105e+02, 0.00000000e+00, 0.00000000e+00,
          0.00000000e+00, 0.00000000e+00],
         [0.00000000e+00, 0.00000000e+00, 2.89473684e-01, 0.00000000e+00,
          0.00000000e+00, 0.00000000e+00],
         [0.00000000e+00, 0.00000000e+00, 0.00000000e+00, 2.89473684e-01,
          0.00000000e+00, 0.00000000e+00],
         [0.00000000e+00, 0.00000000e+00, 0.00000000e+00, 0.00000000e+00,
          2.89473684e-01, 0.00000000e+00],
         [0.00000000e+00, 0.00000000e+00, 0.00000000e+00, 0.00000000e+00,
          0.00000000e+00, 1.13157895e+00]]),
  array([[3.36842105e+03, 0.00000000e+00, 0.00000000e+00, 0.00000000e+00,
          0.00000000e+00, 0.00000000e+00],
         [0.00000000e+00, 1.31652632e+02, 0.00000000e+00, 0.00000000e+00,
          0.00000000e+00, 0.00000000e+00],
         [0.00000000e+00, 0.00000000e+00, 3.36842105e-01, 0.00000000e+00,
          0.00000000e+00, 0.00000000e+00],
         [0.00000000e+00, 0.00000000e+00, 0.00000000e+00, 3.36842105e-01,
          0.00000000e+00, 0.00000000e+00],
         [0.00000000e+00, 0.00000000e+00, 0.00000000e+00, 0.00000000e+00,
          3.36842105e-01, 0.00000000e+00],
         [0.00000000e+00, 0.00000000e+00, 0.00000000e+00, 0.00000000e+00,
          0.00000000e+00, 1.38947368e+00]]),
  array([[3.84210526e+03, 0.00000000e+00, 0.00000000e+00, 0.00000000e+00,
          0.00000000e+00, 0.00000000e+00],
         [0.00000000e+00, 1.57963158e+02, 0.00000000e+00, 0.00000000e+00,
          0.00000000e+00, 0.00000000e+00],
         [0.00000000e+00, 0.00000000e+00, 3.84210526e-01, 0.00000000e+00,
          0.00000000e+00, 0.00000000e+00],
         [0.00000000e+00, 0.00000000e+00, 0.00000000e+00, 3.84210526e-01,
          0.00000000e+00, 0.00000000e+00],
         [0.00000000e+00, 0.00000000e+00, 0.00000000e+00, 0.00000000e+00,
          3.84210526e-01, 0.00000000e+00],
         [0.00000000e+00, 0.00000000e+00, 0.00000000e+00, 0.00000000e+00,
          0.00000000e+00, 1.64736842e+00]]),
  array([[4.31578947e+03, 0.00000000e+00, 0.00000000e+00, 0.00000000e+00,
          0.00000000e+00, 0.00000000e+00],
         [0.00000000e+00, 1.84273684e+02, 0.00000000e+00, 0.00000000e+00,
          0.00000000e+00, 0.00000000e+00],
         [0.00000000e+00, 0.00000000e+00, 4.31578947e-01, 0.00000000e+00,
          0.00000000e+00, 0.00000000e+00],
         [0.00000000e+00, 0.00000000e+00, 0.00000000e+00, 4.31578947e-01,
          0.00000000e+00, 0.00000000e+00],
         [0.00000000e+00, 0.00000000e+00, 0.00000000e+00, 0.00000000e+00,
          4.31578947e-01, 0.00000000e+00],
         [0.00000000e+00, 0.00000000e+00, 0.00000000e+00, 0.00000000e+00,
          0.00000000e+00, 1.90526316e+00]]),
  array([[4.78947368e+03, 0.00000000e+00, 0.00000000e+00, 0.00000000e+00,
          0.00000000e+00, 0.00000000e+00],
         [0.00000000e+00, 2.10584211e+02, 0.00000000e+00, 0.00000000e+00,
          0.00000000e+00, 0.00000000e+00],
         [0.00000000e+00, 0.00000000e+00, 4.78947368e-01, 0.00000000e+00,
          0.00000000e+00, 0.00000000e+00],
         [0.00000000e+00, 0.00000000e+00, 0.00000000e+00, 4.78947368e-01,
          0.00000000e+00, 0.00000000e+00],
         [0.00000000e+00, 0.00000000e+00, 0.00000000e+00, 0.00000000e+00,
          4.78947368e-01, 0.00000000e+00],
         [0.00000000e+00, 0.00000000e+00, 0.00000000e+00, 0.00000000e+00,
          0.00000000e+00, 2.16315789e+00]]),
  array([[5.26315789e+03, 0.00000000e+00, 0.00000000e+00, 0.00000000e+00,
          0.00000000e+00, 0.00000000e+00],
         [0.00000000e+00, 2.36894737e+02, 0.00000000e+00, 0.00000000e+00,
          0.00000000e+00, 0.00000000e+00],
         [0.00000000e+00, 0.00000000e+00, 5.26315789e-01, 0.00000000e+00,
          0.00000000e+00, 0.00000000e+00],
         [0.00000000e+00, 0.00000000e+00, 0.00000000e+00, 5.26315789e-01,
          0.00000000e+00, 0.00000000e+00],
         [0.00000000e+00, 0.00000000e+00, 0.00000000e+00, 0.00000000e+00,
          5.26315789e-01, 0.00000000e+00],
         [0.00000000e+00, 0.00000000e+00, 0.00000000e+00, 0.00000000e+00,
          0.00000000e+00, 2.42105263e+00]]),
  array([[5.73684211e+03, 0.00000000e+00, 0.00000000e+00, 0.00000000e+00,
          0.00000000e+00, 0.00000000e+00],
         [0.00000000e+00, 2.63205263e+02, 0.00000000e+00, 0.00000000e+00,
          0.00000000e+00, 0.00000000e+00],
         [0.00000000e+00, 0.00000000e+00, 5.73684211e-01, 0.00000000e+00,
          0.00000000e+00, 0.00000000e+00],
         [0.00000000e+00, 0.00000000e+00, 0.00000000e+00, 5.73684211e-01,
          0.00000000e+00, 0.00000000e+00],
         [0.00000000e+00, 0.00000000e+00, 0.00000000e+00, 0.00000000e+00,
          5.73684211e-01, 0.00000000e+00],
         [0.00000000e+00, 0.00000000e+00, 0.00000000e+00, 0.00000000e+00,
          0.00000000e+00, 2.67894737e+00]]),
  array([[6.21052632e+03, 0.00000000e+00, 0.00000000e+00, 0.00000000e+00,
          0.00000000e+00, 0.00000000e+00],
         [0.00000000e+00, 2.89515789e+02, 0.00000000e+00, 0.00000000e+00,
          0.00000000e+00, 0.00000000e+00],
         [0.00000000e+00, 0.00000000e+00, 6.21052632e-01, 0.00000000e+00,
          0.00000000e+00, 0.00000000e+00],
         [0.00000000e+00, 0.00000000e+00, 0.00000000e+00, 6.21052632e-01,
          0.00000000e+00, 0.00000000e+00],
         [0.00000000e+00, 0.00000000e+00, 0.00000000e+00, 0.00000000e+00,
          6.21052632e-01, 0.00000000e+00],
         [0.00000000e+00, 0.00000000e+00, 0.00000000e+00, 0.00000000e+00,
          0.00000000e+00, 2.93684211e+00]]),
  array([[6.68421053e+03, 0.00000000e+00, 0.00000000e+00, 0.00000000e+00,
          0.00000000e+00, 0.00000000e+00],
         [0.00000000e+00, 3.15826316e+02, 0.00000000e+00, 0.00000000e+00,
          0.00000000e+00, 0.00000000e+00],
         [0.00000000e+00, 0.00000000e+00, 6.68421053e-01, 0.00000000e+00,
          0.00000000e+00, 0.00000000e+00],
         [0.00000000e+00, 0.00000000e+00, 0.00000000e+00, 6.68421053e-01,
          0.00000000e+00, 0.00000000e+00],
         [0.00000000e+00, 0.00000000e+00, 0.00000000e+00, 0.00000000e+00,
          6.68421053e-01, 0.00000000e+00],
         [0.00000000e+00, 0.00000000e+00, 0.00000000e+00, 0.00000000e+00,
          0.00000000e+00, 3.19473684e+00]]),
  array([[7.15789474e+03, 0.00000000e+00, 0.00000000e+00, 0.00000000e+00,
          0.00000000e+00, 0.00000000e+00],
         [0.00000000e+00, 3.42136842e+02, 0.00000000e+00, 0.00000000e+00,
          0.00000000e+00, 0.00000000e+00],
         [0.00000000e+00, 0.00000000e+00, 7.15789474e-01, 0.00000000e+00,
          0.00000000e+00, 0.00000000e+00],
         [0.00000000e+00, 0.00000000e+00, 0.00000000e+00, 7.15789474e-01,
          0.00000000e+00, 0.00000000e+00],
         [0.00000000e+00, 0.00000000e+00, 0.00000000e+00, 0.00000000e+00,
          7.15789474e-01, 0.00000000e+00],
         [0.00000000e+00, 0.00000000e+00, 0.00000000e+00, 0.00000000e+00,
          0.00000000e+00, 3.45263158e+00]]),
  array([[7.63157895e+03, 0.00000000e+00, 0.00000000e+00, 0.00000000e+00,
          0.00000000e+00, 0.00000000e+00],
         [0.00000000e+00, 3.68447368e+02, 0.00000000e+00, 0.00000000e+00,
          0.00000000e+00, 0.00000000e+00],
         [0.00000000e+00, 0.00000000e+00, 7.63157895e-01, 0.00000000e+00,
          0.00000000e+00, 0.00000000e+00],
         [0.00000000e+00, 0.00000000e+00, 0.00000000e+00, 7.63157895e-01,
          0.00000000e+00, 0.00000000e+00],
         [0.00000000e+00, 0.00000000e+00, 0.00000000e+00, 0.00000000e+00,
          7.63157895e-01, 0.00000000e+00],
         [0.00000000e+00, 0.00000000e+00, 0.00000000e+00, 0.00000000e+00,
          0.00000000e+00, 3.71052632e+00]]),
  array([[8.10526316e+03, 0.00000000e+00, 0.00000000e+00, 0.00000000e+00,
          0.00000000e+00, 0.00000000e+00],
         [0.00000000e+00, 3.94757895e+02, 0.00000000e+00, 0.00000000e+00,
          0.00000000e+00, 0.00000000e+00],
         [0.00000000e+00, 0.00000000e+00, 8.10526316e-01, 0.00000000e+00,
          0.00000000e+00, 0.00000000e+00],
         [0.00000000e+00, 0.00000000e+00, 0.00000000e+00, 8.10526316e-01,
          0.00000000e+00, 0.00000000e+00],
         [0.00000000e+00, 0.00000000e+00, 0.00000000e+00, 0.00000000e+00,
          8.10526316e-01, 0.00000000e+00],
         [0.00000000e+00, 0.00000000e+00, 0.00000000e+00, 0.00000000e+00,
          0.00000000e+00, 3.96842105e+00]]),
  array([[8.57894737e+03, 0.00000000e+00, 0.00000000e+00, 0.00000000e+00,
          0.00000000e+00, 0.00000000e+00],
         [0.00000000e+00, 4.21068421e+02, 0.00000000e+00, 0.00000000e+00,
          0.00000000e+00, 0.00000000e+00],
         [0.00000000e+00, 0.00000000e+00, 8.57894737e-01, 0.00000000e+00,
          0.00000000e+00, 0.00000000e+00],
         [0.00000000e+00, 0.00000000e+00, 0.00000000e+00, 8.57894737e-01,
          0.00000000e+00, 0.00000000e+00],
         [0.00000000e+00, 0.00000000e+00, 0.00000000e+00, 0.00000000e+00,
          8.57894737e-01, 0.00000000e+00],
         [0.00000000e+00, 0.00000000e+00, 0.00000000e+00, 0.00000000e+00,
          0.00000000e+00, 4.22631579e+00]]),
  array([[9.05263158e+03, 0.00000000e+00, 0.00000000e+00, 0.00000000e+00,
          0.00000000e+00, 0.00000000e+00],
         [0.00000000e+00, 4.47378947e+02, 0.00000000e+00, 0.00000000e+00,
          0.00000000e+00, 0.00000000e+00],
         [0.00000000e+00, 0.00000000e+00, 9.05263158e-01, 0.00000000e+00,
          0.00000000e+00, 0.00000000e+00],
         [0.00000000e+00, 0.00000000e+00, 0.00000000e+00, 9.05263158e-01,
          0.00000000e+00, 0.00000000e+00],
         [0.00000000e+00, 0.00000000e+00, 0.00000000e+00, 0.00000000e+00,
          9.05263158e-01, 0.00000000e+00],
         [0.00000000e+00, 0.00000000e+00, 0.00000000e+00, 0.00000000e+00,
          0.00000000e+00, 4.48421053e+00]]),
  array([[9.52631579e+03, 0.00000000e+00, 0.00000000e+00, 0.00000000e+00,
          0.00000000e+00, 0.00000000e+00],
         [0.00000000e+00, 4.73689474e+02, 0.00000000e+00, 0.00000000e+00,
          0.00000000e+00, 0.00000000e+00],
         [0.00000000e+00, 0.00000000e+00, 9.52631579e-01, 0.00000000e+00,
          0.00000000e+00, 0.00000000e+00],
         [0.00000000e+00, 0.00000000e+00, 0.00000000e+00, 9.52631579e-01,
          0.00000000e+00, 0.00000000e+00],
         [0.00000000e+00, 0.00000000e+00, 0.00000000e+00, 0.00000000e+00,
          9.52631579e-01, 0.00000000e+00],
         [0.00000000e+00, 0.00000000e+00, 0.00000000e+00, 0.00000000e+00,
          0.00000000e+00, 4.74210526e+00]]),
  array([[1.e+04, 0.e+00, 0.e+00, 0.e+00, 0.e+00, 0.e+00],
         [0.e+00, 5.e+02, 0.e+00, 0.e+00, 0.e+00, 0.e+00],
         [0.e+00, 0.e+00, 1.e+00, 0.e+00, 0.e+00, 0.e+00],
         [0.e+00, 0.e+00, 0.e+00, 1.e+00, 0.e+00, 0.e+00],
         [0.e+00, 0.e+00, 0.e+00, 0.e+00, 1.e+00, 0.e+00],
         [0.e+00, 0.e+00, 0.e+00, 0.e+00, 0.e+00, 5.e+00]])]
     
R = array([[0.1, 0. ],
         [0. , 0.1]]),
  array([[0.2, 0. ],
         [0. , 0.2]]),
  array([[0.3, 0. ],
         [0. , 0.3]]),
  array([[0.4, 0. ],
         [0. , 0.4]]),
  array([[0.5, 0. ],
         [0. , 0.5]]),
  array([[0.6, 0. ],
         [0. , 0.6]]),
  array([[0.7, 0. ],
         [0. , 0.7]]),
  array([[0.8, 0. ],
         [0. , 0.8]]),
  array([[0.9, 0. ],
         [0. , 0.9]]),
  array([[1., 0.],
         [0., 1.]]),
  array([[1.1, 0. ],
         [0. , 1.1]]),
  array([[1.2, 0. ],
         [0. , 1.2]]),
  array([[1.3, 0. ],
         [0. , 1.3]]),
  array([[1.4, 0. ],
         [0. , 1.4]]),
  array([[1.5, 0. ],
         [0. , 1.5]]),
  array([[1.6, 0. ],
         [0. , 1.6]]),
  array([[1.7, 0. ],
         [0. , 1.7]]),
  array([[1.8, 0. ],
         [0. , 1.8]]),
  array([[1.9, 0. ],
         [0. , 1.9]]),
  array([[2., 0.],
         [0., 2.]])]